 1.00000000e-02  3.10057468e+01  1.00000000e-02  3.57938004e-04 
 2.00000000e-02  3.10308542e+01  2.00000000e-02  4.88514004e-04 
 3.00000000e-02  3.10542783e+01  3.00000000e-02  6.66846701e-04 
 4.00000000e-02  3.10756960e+01  4.00000000e-02  9.10422338e-04 
 5.00000000e-02  3.10946315e+01  5.00000000e-02  1.24311650e-03 
 6.00000000e-02  3.11104099e+01  6.00000000e-02  1.69750685e-03 
 7.00000000e-02  3.11220920e+01  7.00000000e-02  2.31800055e-03 
 8.00000000e-02  3.11283853e+01  8.00000000e-02  3.16504252e-03 
 9.00000000e-02  3.11275241e+01  9.00000000e-02  4.32073909e-03 
 1.00000000e-01  3.11171115e+01  1.00000000e-01  5.89630055e-03 
 1.10000000e-01  3.10939145e+01  1.10000000e-01  8.04175545e-03 
 1.20000000e-01  3.10536042e+01  1.20000000e-01  1.09583815e-02 
 1.30000000e-01  3.09904405e+01  1.30000000e-01  1.49141573e-02 
 1.40000000e-01  3.08969085e+01  1.40000000e-01  2.02621417e-02 
 1.50000000e-01  3.07633417e+01  1.50000000e-01  2.74608480e-02 
 1.60000000e-01  3.05776032e+01  1.60000000e-01  3.70941541e-02 
 1.70000000e-01  3.03249613e+01  1.70000000e-01  4.98858900e-02 
 1.80000000e-01  2.99883754e+01  1.80000000e-01  6.67010771e-02 
 1.90000000e-01  2.95494797e+01  1.90000000e-01  8.85227585e-02 
 2.00000000e-01  2.89905532e+01  2.00000000e-01  1.16392776e-01 
 2.10000000e-01  2.82975964e+01  2.10000000e-01  1.51310486e-01 
 2.20000000e-01  2.74641980e+01  2.20000000e-01  1.94098599e-01 
 2.30000000e-01  2.64952278e+01  2.30000000e-01  2.45268188e-01 
 2.40000000e-01  2.54088587e+01  2.40000000e-01  3.04933199e-01 
 2.50000000e-01  2.42355437e+01  2.50000000e-01  3.72819502e-01 
 2.60000000e-01  2.30136556e+01  2.60000000e-01  4.48375673e-01 
 2.70000000e-01  2.17830713e+01  2.70000000e-01  5.30941535e-01 
 2.80000000e-01  2.05789681e+01  2.80000000e-01  6.19903602e-01 
 2.90000000e-01  1.94277901e+01  2.90000000e-01  7.14783885e-01 
 3.00000000e-01  1.83460595e+01  3.00000000e-01  8.15252196e-01 
 3.10000000e-01  1.73414617e+01  3.10000000e-01  9.21087489e-01 
 3.20000000e-01  1.64150750e+01  3.20000000e-01  1.03212311e+00 
 3.30000000e-01  1.55637502e+01  3.30000000e-01  1.14820052e+00 
 3.40000000e-01  1.47820725e+01  3.40000000e-01  1.26914091e+00 
 3.50000000e-01  1.40637333e+01  3.50000000e-01  1.39473357e+00 
 3.60000000e-01  1.34023678e+01  3.60000000e-01  1.52473561e+00 
 3.70000000e-01  1.27919997e+01  3.70000000e-01  1.65887767e+00 
 3.80000000e-01  1.22272323e+01  3.80000000e-01  1.79687166e+00 
 3.90000000e-01  1.17032943e+01  3.90000000e-01  1.93841837e+00 
 4.00000000e-01  1.12160104e+01  4.00000000e-01  2.08321388e+00 
 4.10000000e-01  1.07617409e+01  4.10000000e-01  2.23095457e+00 
 4.20000000e-01  1.03373118e+01  4.20000000e-01  2.38134078e+00 
 4.30000000e-01  9.93994771e+00  4.30000000e-01  2.53407935e+00 
 4.40000000e-01  9.56721251e+00  4.40000000e-01  2.68888535e+00 
 4.50000000e-01  9.21695826e+00  4.50000000e-01  2.84548315e+00 
 4.60000000e-01  8.88728248e+00  4.60000000e-01  3.00360704e+00 
 4.70000000e-01  8.57649270e+00  4.70000000e-01  3.16300157e+00 
 4.80000000e-01  8.28307704e+00  4.80000000e-01  3.32342165e+00 
 4.90000000e-01  8.00567984e+00  4.90000000e-01  3.48463249e+00 
 5.00000000e-01  7.74308133e+00  5.00000000e-01  3.64640948e+00 
 5.10000000e-01  7.49418055e+00  5.10000000e-01  3.80853799e+00 
 5.20000000e-01  7.25798098e+00  5.20000000e-01  3.97081314e+00 
 5.30000000e-01  7.03357825e+00  5.30000000e-01  4.13303954e+00 
 5.40000000e-01  6.82014972e+00  5.40000000e-01  4.29503101e+00 
 5.50000000e-01  6.61694542e+00  5.50000000e-01  4.45661027e+00 
 5.60000000e-01  6.42328024e+00  5.60000000e-01  4.61760873e+00 
 5.70000000e-01  6.23852716e+00  5.70000000e-01  4.77786615e+00 
 5.80000000e-01  6.06211126e+00  5.80000000e-01  4.93723036e+00 
 5.90000000e-01  5.89350455e+00  5.90000000e-01  5.09555702e+00 
 6.00000000e-01  5.73222129e+00  6.00000000e-01  5.25270931e+00 
 6.10000000e-01  5.57781399e+00  6.10000000e-01  5.40855769e+00 
 6.20000000e-01  5.42986976e+00  6.20000000e-01  5.56297957e+00 
 6.30000000e-01  5.28800706e+00  6.30000000e-01  5.71585915e+00 
 6.40000000e-01  5.15187288e+00  6.40000000e-01  5.86708703e+00 
 6.50000000e-01  5.02114017e+00  6.50000000e-01  6.01656006e+00 
 6.60000000e-01  4.89550549e+00  6.60000000e-01  6.16418102e+00 
 6.70000000e-01  4.77468699e+00  6.70000000e-01  6.30985837e+00 
 6.80000000e-01  4.65842256e+00  6.80000000e-01  6.45350603e+00 
 6.90000000e-01  4.54646809e+00  6.90000000e-01  6.59504308e+00 
 7.00000000e-01  4.43859605e+00  7.00000000e-01  6.73439357e+00 
 7.10000000e-01  4.33459406e+00  7.10000000e-01  6.87148622e+00 
 7.20000000e-01  4.23426367e+00  7.20000000e-01  7.00625421e+00 
 7.30000000e-01  4.13741926e+00  7.30000000e-01  7.13863496e+00 
 7.40000000e-01  4.04388701e+00  7.40000000e-01  7.26856985e+00 
 7.50000000e-01  3.95350398e+00  7.50000000e-01  7.39600405e+00 
 7.60000000e-01  3.86611730e+00  7.60000000e-01  7.52088626e+00 
 7.70000000e-01  3.78158334e+00  7.70000000e-01  7.64316851e+00 
 7.80000000e-01  3.69976708e+00  7.80000000e-01  7.76280596e+00 
 7.90000000e-01  3.62054149e+00  7.90000000e-01  7.87975670e+00 
 8.00000000e-01  3.54378686e+00  8.00000000e-01  7.99398156e+00 
 8.10000000e-01  3.46939039e+00  8.10000000e-01  8.10544396e+00 
 8.20000000e-01  3.39724561e+00  8.20000000e-01  8.21410970e+00 
 8.30000000e-01  3.32725203e+00  8.30000000e-01  8.31994684e+00 
 8.40000000e-01  3.25931464e+00  8.40000000e-01  8.42292554e+00 
 8.50000000e-01  3.19334362e+00  8.50000000e-01  8.52301794e+00 
 8.60000000e-01  3.12925398e+00  8.60000000e-01  8.62019805e+00 
 8.70000000e-01  3.06696523e+00  8.70000000e-01  8.71444164e+00 
 8.80000000e-01  3.00640112e+00  8.80000000e-01  8.80572615e+00 
 8.90000000e-01  2.94748936e+00  8.90000000e-01  8.89403064e+00 
 9.00000000e-01  2.89016139e+00  9.00000000e-01  8.97933569e+00 
 9.10000000e-01  2.83435217e+00  9.10000000e-01  9.06162340e+00 
 9.20000000e-01  2.77999994e+00  9.20000000e-01  9.14087733e+00 
 9.30000000e-01  2.72704608e+00  9.30000000e-01  9.21708249e+00 
 9.40000000e-01  2.67543489e+00  9.40000000e-01  9.29022535e+00 
 9.50000000e-01  2.62511348e+00  9.50000000e-01  9.36029383e+00 
 9.60000000e-01  2.57603156e+00  9.60000000e-01  9.42727734e+00 
 9.70000000e-01  2.52814134e+00  9.70000000e-01  9.49116678e+00 
 9.80000000e-01  2.48139742e+00  9.80000000e-01  9.55195462e+00 
 9.90000000e-01  2.43575662e+00  9.90000000e-01  9.60963492e+00 
 1.00000000e+00  2.39117788e+00  1.00000000e+00  9.66420338e+00 
 1.01000000e+00  2.34762219e+00  1.01000000e+00  9.71565744e+00 
 1.02000000e+00  2.30505245e+00  1.02000000e+00  9.76399631e+00 
 1.03000000e+00  2.26343341e+00  1.03000000e+00  9.80922104e+00 
 1.04000000e+00  2.22273154e+00  1.04000000e+00  9.85133461e+00 
 1.05000000e+00  2.18291499e+00  1.05000000e+00  9.89034198e+00 
 1.06000000e+00  2.14395348e+00  1.06000000e+00  9.92625015e+00 
 1.07000000e+00  2.10581824e+00  1.07000000e+00  9.95906828e+00 
 1.08000000e+00  2.06848191e+00  1.08000000e+00  9.98880767e+00 
 1.09000000e+00  2.03191854e+00  1.09000000e+00  1.00154819e+01 
 1.10000000e+00  1.99610343e+00  1.10000000e+00  1.00391067e+01 
 1.11000000e+00  1.96101313e+00  1.11000000e+00  1.00597003e+01 
 1.12000000e+00  1.92662536e+00  1.12000000e+00  1.00772833e+01 
 1.13000000e+00  1.89291896e+00  1.13000000e+00  1.00918784e+01 
 1.14000000e+00  1.85987381e+00  1.14000000e+00  1.01035110e+01 
 1.15000000e+00  1.82747081e+00  1.15000000e+00  1.01122088e+01 
 1.16000000e+00  1.79569178e+00  1.16000000e+00  1.01180018e+01 
 1.17000000e+00  1.76451945e+00  1.17000000e+00  1.01209224e+01 
 1.18000000e+00  1.73393742e+00  1.18000000e+00  1.01210054e+01 
 1.19000000e+00  1.70393005e+00  1.19000000e+00  1.01182879e+01 
 1.20000000e+00  1.67448248e+00  1.20000000e+00  1.01128091e+01 
 1.21000000e+00  1.64558057e+00  1.21000000e+00  1.01046107e+01 
 1.22000000e+00  1.61721081e+00  1.22000000e+00  1.00937361e+01 
 1.23000000e+00  1.58936036e+00  1.23000000e+00  1.00802310e+01 
 1.24000000e+00  1.56201696e+00  1.24000000e+00  1.00641431e+01 
 1.25000000e+00  1.53516889e+00  1.25000000e+00  1.00455217e+01 
 1.26000000e+00  1.50880495e+00  1.26000000e+00  1.00244181e+01 
 1.27000000e+00  1.48291444e+00  1.27000000e+00  1.00008851e+01 
 1.28000000e+00  1.45748711e+00  1.28000000e+00  9.97497700e+00 
 1.29000000e+00  1.43251313e+00  1.29000000e+00  9.94674964e+00 
 1.30000000e+00  1.40798306e+00  1.30000000e+00  9.91626005e+00 
 1.31000000e+00  1.38388782e+00  1.31000000e+00  9.88356641e+00 
 1.32000000e+00  1.36021870e+00  1.32000000e+00  9.84872797e+00 
 1.33000000e+00  1.33696730e+00  1.33000000e+00  9.81180485e+00 
 1.34000000e+00  1.31412548e+00  1.34000000e+00  9.77285796e+00 
 1.35000000e+00  1.29168543e+00  1.35000000e+00  9.73194886e+00 
 1.36000000e+00  1.26963957e+00  1.36000000e+00  9.68913960e+00 
 1.37000000e+00  1.24798054e+00  1.37000000e+00  9.64449265e+00 
 1.38000000e+00  1.22670123e+00  1.38000000e+00  9.59807073e+00 
 1.39000000e+00  1.20579473e+00  1.39000000e+00  9.54993672e+00 
 1.40000000e+00  1.18525430e+00  1.40000000e+00  9.50015353e+00 
 1.41000000e+00  1.16507341e+00  1.41000000e+00  9.44878397e+00 
 1.42000000e+00  1.14524566e+00  1.42000000e+00  9.39589069e+00 
 1.43000000e+00  1.12576483e+00  1.43000000e+00  9.34153605e+00 
 1.44000000e+00  1.10662483e+00  1.44000000e+00  9.28578198e+00 
 1.45000000e+00  1.08781971e+00  1.45000000e+00  9.22868997e+00 
 1.46000000e+00  1.06934364e+00  1.46000000e+00  9.17032092e+00 
 1.47000000e+00  1.05119093e+00  1.47000000e+00  9.11073507e+00 
 1.48000000e+00  1.03335597e+00  1.48000000e+00  9.04999194e+00 
 1.49000000e+00  1.01583327e+00  1.49000000e+00  8.98815025e+00 
 1.50000000e+00  9.98617436e-01  1.50000000e+00  8.92526783e+00 
 1.51000000e+00  9.81703180e-01  1.51000000e+00  8.86140161e+00 
 1.52000000e+00  9.65085289e-01  1.52000000e+00  8.79660752e+00 
 1.53000000e+00  9.48758643e-01  1.53000000e+00  8.73094045e+00 
 1.54000000e+00  9.32718203e-01  1.54000000e+00  8.66445423e+00 
 1.55000000e+00  9.16959007e-01  1.55000000e+00  8.59720157e+00 
 1.56000000e+00  9.01476173e-01  1.56000000e+00  8.52923401e+00 
 1.57000000e+00  8.86264891e-01  1.57000000e+00  8.46060195e+00 
 1.58000000e+00  8.71320422e-01  1.58000000e+00  8.39135454e+00 
 1.59000000e+00  8.56638099e-01  1.59000000e+00  8.32153973e+00 
 1.60000000e+00  8.42213322e-01  1.60000000e+00  8.25120423e+00 
 1.61000000e+00  8.28041559e-01  1.61000000e+00  8.18039348e+00 
 1.62000000e+00  8.14118343e-01  1.62000000e+00  8.10915167e+00 
 1.63000000e+00  8.00439271e-01  1.63000000e+00  8.03752171e+00 
 1.64000000e+00  7.87000005e-01  1.64000000e+00  7.96554526e+00 
 1.65000000e+00  7.73796269e-01  1.65000000e+00  7.89326269e+00 
 1.66000000e+00  7.60823850e-01  1.66000000e+00  7.82071312e+00 
 1.67000000e+00  7.48078597e-01  1.67000000e+00  7.74793438e+00 
 1.68000000e+00  7.35556417e-01  1.68000000e+00  7.67496310e+00 
 1.69000000e+00  7.23253283e-01  1.69000000e+00  7.60183462e+00 
 1.70000000e+00  7.11165223e-01  1.70000000e+00  7.52858309e+00 
 1.71000000e+00  6.99288328e-01  1.71000000e+00  7.45524143e+00 
 1.72000000e+00  6.87618748e-01  1.72000000e+00  7.38184138e+00 
 1.73000000e+00  6.76152690e-01  1.73000000e+00  7.30841348e+00 
 1.74000000e+00  6.64886422e-01  1.74000000e+00  7.23498714e+00 
 1.75000000e+00  6.53816269e-01  1.75000000e+00  7.16159061e+00 
 1.76000000e+00  6.42938617e-01  1.76000000e+00  7.08825103e+00 
 1.77000000e+00  6.32249906e-01  1.77000000e+00  7.01499447e+00 
 1.78000000e+00  6.21746635e-01  1.78000000e+00  6.94184590e+00 
 1.79000000e+00  6.11425361e-01  1.79000000e+00  6.86882925e+00 
 1.80000000e+00  6.01282696e-01  1.80000000e+00  6.79596744e+00 
